Table like:
Columns: Latitude, Longitude.
Row1:    23.44444  24.55555
Row2:    32.44444  28.22222
Row3:    35.11111  32.12345

