ContactName StartDate EndDate    Complete
Mitch    2009-02-13   2011-04-23   No
Eric    2006-10-01   2008-11-15   Yes
Mike    2007-05-04   2009-03-30   Yes
Kyle    2009-03-07   2012-07-08   No

 ContactName StartDate EndDate   Complete
1 Eric    2006-10-01   2008-11-15*   Yes
2 Mitch    2009-02-13*   2011-04-23   No
3 Kyle    2009-03-07*   2012-07-08   No
4 Mike    2007-05-04   2009-03-30*   Yes

