df <- c(5,9,-8,-7,-1)

df[2]
