won <- c("\001", rep("\\0",3), "\001")

 won
\001
 \\0
 \\0
 \\0
 \\0
\001

