Data <-
structure(list(date = structure(c(1L, 4L, 7L, 2L, 5L, 8L, 3L, 
6L, 9L), .Label = c("01/01/1997 12:00", "01/01/1998 15:00", "01/01/1999 18:00", 
"01/02/1997 13:00", "01/02/1998 16:00", "01/02/1999 19:00", "01/03/1997 14:00", 
"01/03/1998 17:00", "01/03/1999 19:00"), class = "factor"), value = c(29L, 
31L, 42L, 42L, 52L, 61L, 57L, 55L, 56L)), .Names = c("date", 
"value"), row.names = c(NA, -9L), class = "data.frame")

