MatrixList <- list(maxT = matrix(1:56, 120, 56, byrow = TRUE),
        minT = matrix(1:56, 120, 56, byrow = TRUE),
        meanT = matrix(1:56, 120, 56, byrow = TRUE),
        rain24 = matrix(1:56, 120, 56, byrow = TRUE),
        rain5d = matrix(1:56, 120, 56, byrow = TRUE),
        maxT2 = matrix(1:56, 120, 56, byrow = TRUE),
        minT2 = matrix(1:56, 120, 56, byrow = TRUE),
        meanT2 = matrix(1:56, 120, 56, byrow = TRUE))

