instrument <- c(1,2,3,4,5,1,2,3,4,5)
hour <- c(1,1,1,1,1,2,2,2,2,2)
da <- c(12,14,11,14,10,19,15,16,13,11)
db <- c(21,23,22,29,28,26,24,27,26,22)
the.data <- data.frame(instrument,hour,da,db)

g1 <- c(1,2)
g2 <- c(4,3,1)
g3 <- c(1,5,2)
g4 <- c(2,4)
g5 <- c(5,3,1,2,6)
groups <- c("g1","g2","g3","g4","g5")

