myvec <- c(1,2,3,5,  0,1,2,5,8,  0,1,3,  0,2,3,8,  0,3,5)

grp <- c(rep(1, 4), rep(2, 5), rep(3,3), rep(4, 4), rep(5, 3))

       myvecnew <- c(1,  2, 3 ,5,  # maximum 5 + 2 applied in group 2

     5+0+2 = 7, 5+1+2 = 8, 5+2+2 = 9, 5+5+2 = 12, 8+5+2 = 15, # maximum 15 + 2 applied in group 3

       0+15+2 = 17, 1+15+2 = 18, 3+15+2 = 20, # maximum 20 + 2 applied to group 4 

                  0 + 20 + 2 = 22,..........and so on)

