myvec <- c(1, 2, 2, 2, 3, 3,3, 4, 4, 5, 6, 6, 6, 6, 7, 8, 8, 9, 10, 10, 10)

1 = 1, 2 =2, 3 = 1, 4 = 2, 5 =1, 6 = 2, 7 = 1, 8 = 2, 9 = 1, 10 = 2

1 = 1, 2 = 2, 3=3, 4=1, 5 = 2, 6 = 3, 7 =1, 8 = 2, 9 = 3, 10 =1 

1 = 1, 2 = 2, 3= 3, 4 = 4, 5 = 1, 6 = 2, 7=3, 8=4, 9 =1, 10 = 2

