x <- c(1,2,3,4,5)
x
x
2^n * n!
n
