C1<-c(3,-999.000,4,4,5)
C2<-c(3,7,3,4,5)
C3<-c(5,4,3,6,-999.000)
DF<-data.frame(ID=c("A","B","C","D","E"),C1=C1,C2=C2,C3=C3)

DF2<-DF[!(DF$C1==-999.000 | DF$C2==-999.000 | DF$C3==-999.000),]

DF3<-DF[!(DF[,]==-999.000),]

DF3<-DF[!(DF[,(2:4)]==-999.000),]

==-999.000),]

