name <- c("P1", "P2", "IndA", "IndB", "IndC", "IndD", "IndE", "IndF", "IndG")
    A <- c(1, 3, 1, 2, 2, 5, 5, 1, 4)
    B <- c(2, 4, 3, 4, 2, 2, 6, 2, 2)
    mydf <- data.frame (name, A, B)

   name <- c("P1", "P2", "IndA", "IndB", "IndC", "IndD", "IndE", "IndF", "IndG")
    A <- c(1, 3, 1, 2, 2, 5, 5, 1, 4)
    B <- c(2, 4, 3, 4, 2, 2, 6, 2, 2)
    mydf <- data.frame (name, A, B)

 name A B
1   P1 1 2
2   P2 3 4
3 IndA 1 3
4 IndB 2 4
5 IndC 2 2
6 IndD 5 2
7 IndE 5 6
8 IndF 1 2
9 IndG 4 2

   name A B     correct 
    1   P1 1 2   NA
    2   P2 3 4   NA
    3 IndA 1 3   TRUE
    4 IndB 2 4   TRUE
    5 IndC 2 2   FALSE
    6 IndD 5 2   FALSE
    7 IndE 5 6   FALSE
    8 IndF 1 2   FALSE
    9 IndG 4 2   TRUE

   name <- c("P1", "P2", "IndH", "IndI", "IndJ", "IndK")
    A <- c(1, 3, 3, 1, 4, 3)
    B <- c(1, 4, 3, 1, 1, 5)
    mydf2 <- data.frame (name, A, B)
    mydf2
   name A B Correct 
1   P1 1 1    NA
2   P2 3 4    NA
3 IndH 3 3    FALSE
4 IndI 1 1    FALSE
5 IndJ 4 1    TRUE
6 IndK 3 5    FALSE

