123456, 654321
409,255,265
1

timestart <- 123456
timeend <- 654321
exclude <- c(409,255,265)
paid <- 1

