0.000100
0.003890
0.567980
0.999000
0.999990
1.000010
1.236800
1.456098
1.989001
2.098710
2.309879
2.890879 

x <- c(0.0001, 0.00389, 0.56798, 0.999, 0.99999, 1.00001, 1.2368, 1.456098, 
    1.989001, 2.09871, 2.309879, 2.890879)

