a <- list(1, c(3, 7), 5)
b <- c(1,1,2)

[[1]]
[1] 1 3 7

[[2]]
[1] 5

