x <- c("4 3 3", "3 3 3 2 3")
y <- c("110 88 77 66 55 44 33 22 33 44 11 22 11", "44 55 66 33 22 11 22 33 44 55 66 77 88 66 77 88")

structure(list(session = 1:2, trial.1 = structure(1:2, .Label = c("110 88 77", 
"44 55 66"), class = "factor"), trial.2 = structure(c(2L, 1L), .Label = c("33 22 11", 
"66 55 44"), class = "factor"), trial.3 = structure(1:2, .Label = c("22 33 44", 
"23 33 44"), class = "factor"), trial.4 = structure(c(NA, 1L), .Label = "55 66", class = "factor"), 
    trial.5 = structure(c(NA, 1L), .Label = "77 88 66", class = "factor")), .Names = c("session", 
"trial.1", "trial.2", "trial.3", "trial.4", "trial.5"), class = "data.frame", row.names = c(NA, 
-2L))

