a <- c(0,0,0,1,1,1)

b <- c(0,1,1)

a (0,0,1) 

