c
c()
v1<- c(1,2,3,4,5)

