id<-c(1,2,3,4)
date<-c(19970807,19970902,19971010,19970715)
df<-data.frame(id,date)

