id<-c(1,1,2,3,3,2)
p<-c(10,0,22,34,0,0)
df<-data.frame(id,p)

id   p
1    10
2    22
3    34

