long <- structure(list(Day = structure(c(1L, 1L, 1L, 1L, 1L, 1L, 2L, 2L, 
2L, 2L, 2L, 2L), .Label = c("1", "2"), class = "factor"), 
Genotype = structure(c(1L, 1L, 1L, 2L, 2L, 2L, 1L, 1L, 1L, 
2L, 2L, 2L), .Label = c("A", "B"), class = "factor"), View = structure(c(1L, 
2L, 3L, 1L, 2L, 3L, 1L, 2L, 3L, 1L, 2L, 3L), .Label = c("1", 
"2", "3"), class = "factor"), variable = c(1496L, 1704L, 
1738L, 1553L, 1834L, 1421L, 1208L, 1845L, 1325L, 1264L, 1920L, 
1735L)), .Names = c("Day", "Genotype", "View", "variable"), row.names = c(NA, -12L),
class = "data.frame")

> long
   Day Genotype View variable
1    1        A    1     1496
2    1        A    2     1704
3    1        A    3     1738
4    1        B    1     1553
5    1        B    2     1834
6    1        B    3     1421
7    2        A    1     1208
8    2        A    2     1845
9    2        A    3     1325
10   2        B    1     1264
11   2        B    2     1920
12   2        B    3     1735

(1496 * 1704 * 1738)^(1/3)
  Day Genotype  summary
1   1        A 1642.418
2   1        B 1593.633
3   2        A 1434.695
4   2        B 1614.790

reshape2
