df <- data.frame(date = c(as.Date("2010-1-24"), as.Date("2011-5-6"), as.Date("2012-3-24")), pmts=c(-2000,-1000,-800))
today <- as.Date("2012-7-25")
lumpsum <- 4580

