x1
x2
x3
x2$x2
x1
x2$x3
x1
x1 <- data.frame(x1=11:20, stringsAsFactors=FALSE)
> x1
   x1
1  11
2  12
3  13
4  14
5  15
6  16
7  17
8  18
9  19
10 20

x2 <- 1:10
x3 <- 21:30
x2 <- data.frame(x2, x3, stringsAsFactors=FALSE)

> x2
   x2 x3
1   1 21
2   2 22
3   3 23
4   4 24
5   5 25
6   6 26
7   7 27
8   8 28
9   9 29
10 10 30

