x<-c(2, 4, 6, 9, 10)

c(4,9,10)
x
