x <- c(1,2,3,4) 

[1,NA, NA]
[2, 1, NA]
[3, 2,  1]
[4, 3,  2]

