x <- "DF12 This is an example 1 This
DF12 This is an 1232 This is
DF14 This is 12334 This is an
DF15 This 23 This is an example
"

varlength <- c(2, 2, 18, 5, 18)

