x <- c(1,0,0,0,1,0,0,0,0,0,2,0,0) # should give 3,5,2

