x <- c(2, 2, 3, 4, 1, 4, 4, 3, 3)
y <- c(4, 2, 1, 3)

[1] 4 4 4 2 2 1 3 3 3

