x <- c(1,2,3,4)
y <- c(2,3,4)

x
y
