x<-c(1,2)
y<-c(3,4,5)
z<-x+y 

z
4 6 6
4 6 5
