x \ y
x <- c(0,0,0,0,0,0,0,0,0,0,0,0,0,0,0,0,0,1,1,2,1,1,1,3) 
y <- c(0,0,0,0,0,0,0,0,0,0,0,0,0,0,0,0,0,1,1,1)

2,1,1,3

