v <- c(1,1,1,2,2,2,2,1,1,3,3,3,3)

v.df <- data.frame(value=c(1,2,1,3),repetitions=c(3,4,2,4))

