for_y_axis <-c(0.49534,0.80796,0.93970,0.99998)
for_x_axis <-c(1,2,3,4)
count      <-c(0,33,0,4)

for_x_axis
for_y_axis
count
count
