y <- c(2,4,1,6,5) 

c(x[1,2],x[2,4],x[3,1],x[4,6],x[5,5])

