rep1 <- c("20/02/01","23/03/02")
rep2 <- c(NA, "03/05/02")
rep3 <- c("16/04/01",NA)
rep4 <- c(NA,"12/02/03")
data <- data.frame(rep1 = rep1, rep2 = rep2, rep3 = rep3, rep4 = rep4)

      rep1     rep2     rep3     rep4
1 20/02/01     <NA> 16/04/01     <NA>
2 23/03/02 03/05/02     <NA> 12/02/03

      rep1     rep2   rep3     rep4
1 20/02/01 16/04/01    <NA>     <NA>
2 23/03/02 03/05/02   12/02/03   <NA> 

