a <- 1:1000000000
d <- 0
b <- for (i in a) {for (j in 1:i) {if (i %% j !=0) {d <- c(d,i)}}}

