graph_val <- c(4,2,3,4,1,1,9)

           1            2            3            4            5            9 
 "Very Poor"       "Poor"    "Average"       "Good"  "Very Good" "Don't Know" 

 "Very Poor"       "Poor"    "Average"       "Good"  "Very Good" "Don't Know"
           2            1            1            1            0            1 

           1            2            3            4            5            9
           2            1            1            1            0            1 

