x  <- c(1, 2, 3, 4, 5)
y  <- c(1, 2, 3, 4, 5)
dx <- c(0.1, 0.1, 0.1, 0.1, 0.1)
dy <- c(0.1, 0.1, 0.1, 0.1, 0.1)

