f <- c('a','a','b','b','b','c','d','d','d','d')
v1 <- c(1.3,10,2,10,10,1.1,10,3.1,10,10)
v2 <- c(1:10)
df <- data.frame(f,v1,v2)

f   v1  v2
a   1.3 1
b   2   3
c   1.1 6
d   3.1 8

