scores <- c(13.343, 17.998, 25.413, 27.721, 33.361, 47.263, 52.298, 55.981,
            57.851, 72.038, 72.204, 72.296, 73.472, 75.925, 80.748, 85.998)

spacedScores <- c(13.343, 17.998, 25.413, 27.721, 33.361, 47.263, 52.298,
                  55.981, 57.851, 67.925, 69.925, 71.925, 73.925, 75.925,
                  80.748, 85.998)

