x
a <- c(1995,1995,1995,1996,1997,1997,1997,1998)
b <- c(1,2,3,1,2,3,4,1)
c <- c(5,7,8,2,4,5,7,8)
(x <- data.frame(a,b,c))
     a b c
1 1995 1 5
2 1995 2 7
3 1995 3 9
4 1996 1 2
5 1997 2 4
6 1997 3 5
7 1997 4 7
8 1998 1 8

a
a
c
c
     a  c
1 1995 21
2 1996  2
3 1997 16
4 1998  8

