x <- c("aa=v12, bb=x21, cc=f35", "xx=r53, bb=g-25, yy=h48", "nn=u75, bb=26, gg=m98")

x21  
g-25  
26  

