l<-list('a'=1:1000)

l<-list()
l['a']<-1:1000

