mat1 <- matrix(c(0,1,1,1,1,1,0,1,1,1,1,1,0,1,1,1,1,1,0,1,1,1,1,1,0), 5, 5)

vec1 <- c(0,1,2,3,4)

mat2 <- matrix(c(0,1,2,3,4,1,0,1,2,3,2,1,0,1,2,3,2,1,0,1,4,3,2,1,0), 5, 5)

     [,1] [,2] [,3] [,4] [,5]
[1,]    0    1    2    3    4
[2,]    1    0    1    2    3
[3,]    2    1    0    1    2
[4,]    3    2    1    0    1
[5,]    4    3    2    1    0

