dat<-c(1,2,3,4,5,6,7,8,9,10)

datnew<-c(1,2,3,NA,NA,NA,7,8,9,NA)

