l <- list() 
l[1] <- c(1,2,3) 

l <- list(c(1,2,3), c(4,5,6))

