x <- list(
  c("a1", "a2", "a3", "a4", "a5", "a6", "a7"),
  c("b1","b2","b3","b4"),
  c("c1","c2","c3"),
  c("d1")
)

1  a1  1
1  a2  1
1  a3  1
1  a4  1
1  a5  1
1  a6  1
1  a7  1
2  b1  1
2  b2  1
2  b3  1
2  b4  1
3  c1  1
3  c2  1
3  c3  1
4  d1  1

