"="
"<-"
a = 1
a <- 1
a = c(1:20)
a <- c(1:20)
