r:3: unexpected numeric constant

someThing <- c(0.080172405,0.06233087,0.04315185,0.0652015,0.03201301.......n)
n= 70,000 values

