V <- c(1,3,2,4,2,3,1);

X <- 3;
pos <-V[V == X];

pos
3 3
2
6
3
V
