a1 <- c(1:3)
a2 <- c(4:6)

1
2
3
4
5
6

