structure(list(date = c("2010-01-01", "2010-01-01", "2010-01-01", 
"2010-01-01", "2010-01-01", "2010-01-01", "2010-01-01", "2010-01-01", 
"2010-01-01", "2010-01-01", "2010-01-01", "2010-01-01", "2010-01-01", 
"2010-01-01", "2010-01-01", "2010-01-01", "2010-01-01", "2010-01-01", 
"2010-01-01", "2010-01-01", "2010-01-01", "2010-01-01", "2010-01-01", 
"2010-01-01", "2010-01-01", "2010-01-01", "2010-01-01", "2010-01-01", 
"2010-01-01", "2010-01-01", "2010-01-01", "2010-01-01", "2010-01-01", 
"2010-01-01", "2010-01-01", "2010-01-01", "2010-01-01", "2010-01-01", 
"2010-01-01", "2010-01-01", "2010-01-01", "2010-01-01", "2010-01-01", 
"2010-01-01", "2010-01-01", "2010-01-01", "2010-01-01", "2010-01-01", 
"2010-01-01", "2010-01-01", "2010-01-01", "2010-01-01", "2010-01-01", 
"2010-01-01", "2010-01-01", "2010-01-01", "2010-01-01", "2010-01-01", 
"2010-01-01", "2010-01-01", "2010-01-01", "2010-01-01", "2010-01-01", 
"2010-01-01", "2010-01-01", "2010-01-01", "2010-01-01", "2010-01-01", 
"2010-01-01", "2010-01-01", "2010-01-01", "2010-01-01", "2010-01-01", 
"2010-01-01", "2010-01-01", "2010-01-01", "2010-01-01", "2010-01-01", 
"2010-01-01", "2010-01-01", "2010-01-01", "2010-01-01", "2010-01-01", 
"2010-01-01", "2010-01-01", "2010-01-01", "2010-01-01", "2010-01-01", 
"2010-01-01", "2010-01-01", "2010-01-01", "2010-01-01", "2010-01-01", 
"2010-01-01", "2010-01-01", "2010-01-01", "2010-01-01", "2010-01-01", 
"2010-01-01", "2010-01-01", "2010-01-01", "2010-01-01", "2010-01-01", 
"2010-01-01", "2010-01-01", "2010-01-01", "2010-01-01", "2010-01-01", 
"2010-01-01", "2010-01-01", "2010-01-01", "2010-01-01", "2010-01-01", 
"2010-01-01", "2010-01-01", "2010-01-01", "2010-01-01", "2010-01-01", 
"2010-01-01", "2010-01-01", "2010-01-01", "2010-01-01", "2010-01-01", 
"2010-01-01", "2010-01-01", "2010-01-01", "2010-01-01", "2010-01-01", 
"2010-01-01", "2010-01-01", "2010-01-01", "2010-01-01", "2010-01-01", 
"2010-01-01", "2010-01-01", "2010-01-01", "2010-01-01", "2010-01-01", 
"2010-01-01", "2010-01-01", "2010-01-01", "2010-01-01", "2010-01-01", 
"2010-01-01", "2010-01-02", "2010-01-02", "2010-01-02", "2010-01-02", 
"2010-01-02", "2010-01-02", "2010-01-02", "2010-01-02", "2010-01-02", 
"2010-01-02", "2010-01-02", "2010-01-02", "2010-01-02", "2010-01-02", 
"2010-01-02", "2010-01-02", "2010-01-02", "2010-01-02", "2010-01-02", 
"2010-01-02", "2010-01-02", "2010-01-02", "2010-01-02", "2010-01-02", 
"2010-01-02", "2010-01-02", "2010-01-02", "2010-01-02", "2010-01-02", 
"2010-01-02", "2010-01-02", "2010-01-02", "2010-01-02", "2010-01-02", 
"2010-01-02", "2010-01-02", "2010-01-02", "2010-01-02", "2010-01-02", 
"2010-01-02", "2010-01-02", "2010-01-02", "2010-01-02", "2010-01-02", 
"2010-01-02", "2010-01-02", "2010-01-02", "2010-01-02", "2010-01-02", 
"2010-01-02", "2010-01-02", "2010-01-02", "2010-01-02", "2010-01-02", 
"2010-01-02", "2010-01-02", "2010-01-02", "2010-01-02", "2010-01-02", 
"2010-01-02", "2010-01-02", "2010-01-02", "2010-01-02", "2010-01-02", 
"2010-01-02", "2010-01-02", "2010-01-02", "2010-01-02", "2010-01-02", 
"2010-01-02", "2010-01-02", "2010-01-02", "2010-01-02", "2010-01-02", 
"2010-01-02", "2010-01-02", "2010-01-02", "2010-01-02", "2010-01-02", 
"2010-01-02", "2010-01-02", "2010-01-02", "2010-01-02", "2010-01-02", 
"2010-01-02", "2010-01-02", "2010-01-02", "2010-01-02", "2010-01-02", 
"2010-01-02", "2010-01-02", "2010-01-02", "2010-01-02", "2010-01-02", 
"2010-01-02", "2010-01-02", "2010-01-02", "2010-01-02", "2010-01-02", 
"2010-01-02", "2010-01-02", "2010-01-02", "2010-01-02", "2010-01-02", 
"2010-01-02", "2010-01-02", "2010-01-02", "2010-01-02", "2010-01-02", 
"2010-01-02", "2010-01-02", "2010-01-02", "2010-01-02", "2010-01-02", 
"2010-01-02", "2010-01-02", "2010-01-02", "2010-01-02", "2010-01-02", 
"2010-01-02", "2010-01-02", "2010-01-02", "2010-01-02", "2010-01-02", 
"2010-01-02", "2010-01-02", "2010-01-02", "2010-01-02", "2010-01-02", 
"2010-01-02", "2010-01-02", "2010-01-02", "2010-01-02", "2010-01-02", 
"2010-01-02", "2010-01-02", "2010-01-02", "2010-01-02", "2010-01-02", 
"2010-01-02", "2010-01-02", "2010-01-02", "2010-01-02", "2010-01-02", 
"2010-01-03", "2010-01-03", "2010-01-03", "2010-01-03", "2010-01-03", 
"2010-01-03", "2010-01-03", "2010-01-03", "2010-01-03", "2010-01-03", 
"2010-01-03", "2010-01-03", "2010-01-03", "2010-01-03", "2010-01-03", 
"2010-01-03", "2010-01-03", "2010-01-03", "2010-01-03", "2010-01-03", 
"2010-01-03", "2010-01-03", "2010-01-03", "2010-01-03", "2010-01-03", 
"2010-01-03", "2010-01-03", "2010-01-03", "2010-01-03", "2010-01-03", 
"2010-01-03", "2010-01-03", "2010-01-03", "2010-01-03", "2010-01-03", 
"2010-01-03", "2010-01-03", "2010-01-03", "2010-01-03", "2010-01-03", 
"2010-01-03", "2010-01-03", "2010-01-03", "2010-01-03", "2010-01-03", 
"2010-01-03", "2010-01-03", "2010-01-03", "2010-01-03", "2010-01-03", 
"2010-01-03", "2010-01-03", "2010-01-03", "2010-01-03", "2010-01-03", 
"2010-01-03", "2010-01-03", "2010-01-03", "2010-01-03", "2010-01-03", 
"2010-01-03", "2010-01-03", "2010-01-03", "2010-01-03", "2010-01-03", 
"2010-01-03", "2010-01-03", "2010-01-03", "2010-01-03", "2010-01-03", 
"2010-01-03", "2010-01-03", "2010-01-03", "2010-01-03", "2010-01-03", 
"2010-01-03", "2010-01-03", "2010-01-03", "2010-01-03", "2010-01-03", 
"2010-01-03", "2010-01-03", "2010-01-03", "2010-01-03", "2010-01-03", 
"2010-01-03", "2010-01-03", "2010-01-03", "2010-01-03", "2010-01-03", 
"2010-01-03", "2010-01-03", "2010-01-03", "2010-01-03", "2010-01-03", 
"2010-01-03", "2010-01-03", "2010-01-03", "2010-01-03", "2010-01-03", 
"2010-01-03", "2010-01-03", "2010-01-03", "2010-01-03", "2010-01-03", 
"2010-01-03", "2010-01-03", "2010-01-03", "2010-01-03", "2010-01-03", 
"2010-01-03", "2010-01-03", "2010-01-03", "2010-01-03", "2010-01-03", 
"2010-01-03", "2010-01-03", "2010-01-03", "2010-01-03", "2010-01-03", 
"2010-01-03", "2010-01-03", "2010-01-03", "2010-01-03", "2010-01-03", 
"2010-01-03", "2010-01-03", "2010-01-03", "2010-01-03", "2010-01-03", 
"2010-01-03", "2010-01-03", "2010-01-03", "2010-01-03", "2010-01-03", 
"2010-01-03", "2010-01-03", "2010-01-03", "2010-01-03", "2010-01-03", 
"2010-01-03", "2010-01-03", "2010-01-03", "2010-01-03", "2010-01-04", 
"2010-01-04", "2010-01-04", "2010-01-04", "2010-01-04", "2010-01-04", 
"2010-01-04", "2010-01-04", "2010-01-04", "2010-01-04", "2010-01-04", 
"2010-01-04", "2010-01-04", "2010-01-04", "2010-01-04", "2010-01-04", 
"2010-01-04", "2010-01-04", "2010-01-04", "2010-01-04", "2010-01-04", 
"2010-01-04", "2010-01-04", "2010-01-04", "2010-01-04", "2010-01-04", 
"2010-01-04", "2010-01-04", "2010-01-04", "2010-01-04", "2010-01-04", 
"2010-01-04", "2010-01-04", "2010-01-04", "2010-01-04", "2010-01-04", 
"2010-01-04", "2010-01-04", "2010-01-04", "2010-01-04", "2010-01-04", 
"2010-01-04", "2010-01-04", "2010-01-04", "2010-01-04", "2010-01-04", 
"2010-01-04", "2010-01-04", "2010-01-04", "2010-01-04", "2010-01-04", 
"2010-01-04", "2010-01-04", "2010-01-04", "2010-01-04", "2010-01-04", 
"2010-01-04", "2010-01-04", "2010-01-04", "2010-01-04", "2010-01-04", 
"2010-01-04", "2010-01-04", "2010-01-04", "2010-01-04", "2010-01-04", 
"2010-01-04", "2010-01-04", "2010-01-04", "2010-01-04", "2010-01-04", 
"2010-01-04", "2010-01-04", "2010-01-04", "2010-01-04", "2010-01-04", 
"2010-01-04", "2010-01-04", "2010-01-04", "2010-01-04", "2010-01-04", 
"2010-01-04", "2010-01-04", "2010-01-04", "2010-01-04", "2010-01-04", 
"2010-01-04", "2010-01-04", "2010-01-04", "2010-01-04", "2010-01-04", 
"2010-01-04", "2010-01-04", "2010-01-04", "2010-01-04", "2010-01-04", 
"2010-01-04", "2010-01-04", "2010-01-04", "2010-01-04", "2010-01-04", 
"2010-01-04", "2010-01-04", "2010-01-04", "2010-01-04", "2010-01-04", 
"2010-01-04", "2010-01-04", "2010-01-04", "2010-01-04", "2010-01-04", 
"2010-01-04", "2010-01-04", "2010-01-04", "2010-01-04", "2010-01-04", 
"2010-01-04", "2010-01-04", "2010-01-04", "2010-01-04", "2010-01-04", 
"2010-01-04", "2010-01-04", "2010-01-04", "2010-01-04", "2010-01-04", 
