anim <- c(1,1,1,1,1,2,2,2,2)
point <- c(1,2,3,4,6,3,4,5,6)
temp <- c(38.8,38.5,33.2,33.5,37.2,36.2,36.5,36.0,37.8)
mydf <- data.frame(anim,point,temp)

anim point temp
1     1    38.8
1     2    38.5
1     3    33.2
1     4    33.5
1     6    37.2
2     3    36.2
2     4    36.5
2     5    36.0
2     6    37.8

anim  bel   ber   le    re    ey    cr
1     38.8  38.5  33.2  33.5  NA    37.2
2     NA    NA    36.2  36.5  36.0  37.8

