x <- c(188,43,56,3,67,89,12,33,123,345)
y <- c(3,4,5,7,6,9,8,2,1,10) 

x_new <-(33,43,56,67,89,123,188,12,3,345)

