List <- c(1,1,1,2,3,3,5,5,5,5,9,11,11)

