x <- c(10,20,30,40,50,60,70,80,90,100)

stock A: 10 30 50 70 90 
stock B: 20 40 60 80 100 

