a <- c(10.25, 11.26, 14, 13.56) 

