questionnumbers<-c(1,2,3,4,5,6,7,8)

result1<-c(0.2,0.4,0.3,0.6,0.9,0.3,0.4,0.8)

result2<-c(0.4,0.9,0.3,0.1,0.4,0.6,0.3,0.2)

