anim <- c(201,202,203,204,205) 
bwt <- c(1.2,1.0,0.9,1.1,1.5)
leng <- c(14,21,18,16,19)
temp <- c(33,34,39,38,37) 
mydf <- data.frame(anim,bwt,leng,temp)

   anim bwt  leng  temp
1  201  1.2   14   33
2  202  1.0   21   34
3  203  0.9   18   39
4  204  1.1   16   38
5  205  1.5   19   37

tnum    anim   tval
 1      201    1.2
 2      201    14
 3      201    33
 1      202    1.0
 2      202    21
 3      202    34
 1      203    0.9
 2      203    18
 3      203    39
 1      204    1.1
 2      204    16
 3      204    38
 1      205    1.5
 2      205    19
 3      205    37

