A <- c(1,6)
B <- c(2,7)
C <- c(3,8)
D <- c(4,9)
E <- c(5,0)
df <- data.frame(A,B,C,D,E)
df
  A B C D E
1 1 2 3 4 5
2 6 7 8 9 0

df
   1  2
A  1  6 
B  2  7
C  3  8
D  4  9    
E  5  0

