a
b
b
a
a
b
a <- c(0, 1, 1, 0, 1)
b <- c(1, 0, 1)

c <- c(0, 1, 0, 0, 1)

