R
t <- c("2010-01-01 00:01:02", "2010-01-01 00:02:02")

dt <- as.POSIXct(t)

dt[2] - dt[1]
Time difference of 1 mins

