species <- LETTERS[1:6]

links <- c(0, 1, 0, 0, 0, 0,
    1, 0, 1, 1, 1, 0,
    0, 1, 0, 0, 1, 0,
    0, 1, 0, 0, 1, 1,
    0, 1, 1, 1, 0, 0,
    0, 0, 0, 1, 0, 0)

L <- matrix(links, nrow = 6, byrow = TRUE,
    dimnames = list(species, species))

