A<-c(5,10)
B<-c(7,13)
c((5,7),(7,13))
