A <- list(aa = data.frame(var1 = c(1:3), varb = c(1:3), abu = c(1:3)), 
          bb = data.frame(abu = c(1:3), var1 = c(1:3), vara = c(1:3), varb = c(1:3)), 
          cc = data.frame(varb = c(1:3), g = c(1:3))) 

> A
$aa
  var1 varb abu
1    1    1   1
2    2    2   2
3    3    3   3

$bb
  abu var1 vara varb
1   1    1    1    1
2   2    2    2    2
3   3    3    3    3

$cc
  varb g
1    1 1
2    2 2
3    3 3

>

