each
vect1 <- c(4, 5, 10, 3, 1)

rep(1:5, each = vect1) 
 [1] 1 1 1 1 2 2 2 2 3 3 3 3 4 4 4 4 5 5 5 5
Warning message:
In rep(1:5, each = vect1) : first element used of 'each' argument

rep(1:5, each = c(4, 5, 10, 3, 1)) 

    [1] 1 1 1 1 2 2 2 2 3 3 3 3 4 4 4 4 5 5 5 5
    Warning message:
    In rep(1:5, each = c(4, 5, 10, 3, 1)) :
      first element used of 'each' argument

