id
start.cp
stop.cp
tvc.start_
tvc.stop_
  id start.cp stop.cp tvc.start1 tvc.start2 tvc.stop1 tvc.stop2
1  1        1       2          2          3         4         7
2  1        2       3          2          3         4         7
3  1        3       4          2          3         4         7
4  1        4       7          2          3         4         7
5  1        7      12          2          3         4         7

structure(list(id = c(1, 1, 1, 1, 1), start.cp = c(1, 2, 3, 4, 
7), stop.cp = c(2, 3, 4, 7, 12), tvc.start1 = c(2, 2, 2, 2, 2
), tvc.start2 = c(3, 3, 3, 3, 3), tvc.stop1 = c(4, 4, 4, 4, 4
), tvc.stop2 = c(7, 7, 7, 7, 7)), .Names = c("id", "start.cp", 
"stop.cp", "tvc.start1", "tvc.start2", "tvc.stop1", "tvc.stop2"), 
row.names = c(NA, 5L), class = "data.frame")

tvc.start <- c("tvc.start1", "tvc.start2") 
tvc.stop <- c("tvc.stop1", "tvc.stop2")

  id start.cp stop.cp tvc.start1 tvc.start2 tvc.stop1 tvc.stop2 tvc.d1 tvc.d2
1  1        1       2          2          3         4         7      0      0
2  1        2       3          2          3         4         7      1      0
3  1        3       4          2          3         4         7      1      0
4  1        4       7          2          3         4         7      0      1
5  1        7      12          2          3         4         7      0      1

structure(list(id = c(1, 1, 1, 1, 1), start.cp = c(1, 2, 3, 4, 
7), stop.cp = c(2, 3, 4, 7, 12), tvc.start1 = c(2, 2, 2, 2, 2
), tvc.start2 = c(3, 3, 3, 3, 3), tvc.stop1 = c(4, 4, 4, 4, 4
), tvc.stop2 = c(7, 7, 7, 7, 7), tvc.d1 = c(0, 1, 1, 0, 0), tvc.d2 = c(0, 
0, 0, 1, 1)), .Names = c("id", "start.cp", "stop.cp", "tvc.start1", 
"tvc.start2", "tvc.stop1", "tvc.stop2", "tvc.d1", "tvc.d2"), row.names = c(NA, 
5L), class = "data.frame")

tvc.d1
tvc.d2
start.cp
stop.cp
