x <- c("A=5", "B=1",        "D=1", "E=1", "F=2", "G=1")
y <- c("A=2", "B=1", "C=3", "D=1",                     "H=4")

  A B C D E F G H
x 5 1 0 1 1 2 1 0
y 2 1 3 1 0 0 0 4

