site1 <- c(34,25,27,31,26,34,21)
site2 <- c(33,35,31,31,42,33)
site3 <- c(17,30,30,26,32,28,26,29)
site4 <- c(28,33,31,27,32,33,40)

