person person_age    company company_age industry              

1        50             1       5         1

2        40             1       5         1

3        30             2        1        1

4        20             2        1        1

5        25             3        8        2

person <- 1:5
person_age <- c(50,40,30,20,25)
company <- c(1,1,2,2,3)
company_age <- c(5,5,1,1,8)
industry <- c(1,1,1,1,2)
myData <- data.frame(person, person_age, company, company_age, industry)

