> mm <- matrix(c(1,2,3,2,3,4,1,2,3,4),5,2)
> mm
     [,1] [,2]
[1,]    1    4
[2,]    2    1
[3,]    3    2
[4,]    2    3
[5,]    3    4

   [,1] [,2]
[1,]    1    4
[2,]    3    2
[3,]    3    4

delete_list <- c(2,3)

