rle
x <- c(3:5, 10:15, 17, 22, 23, 35:40)

lengths: 3, 6, 1, 2, 6
values: (3,4,5), (10,11,12... # you get the point

