x <- c(1,2,3,4,5,6,7,8,9,10)
y <- c(-1,-1,-1,-1,1,-1,1,-1,2,4)
group <- c(1,1,1,2,2,2,3,3,3,3)
DF <- data.frame(x,y,group)

name <- c(1,2,3,4,6,8)
group_history <- as.character(c('111','101','100','011','010','001'))
bonus <- as.character(c('1,5,7','2,9','3','4,10','6','8')) 
results_I_want <- data.frame(name,group_history,bonus)

