position <- c(0, 1, 3, 4, 5, 7, 8, 9,   0, 1, 2, 4.5, 7, 8, 9)
group <- c(1, 1, 1,  1, 1, 1, 1, 1,   2, 2, 2, 2, 2, 2, 2)
barheight <- c(0.5, 0.4, 0.4, 0.4, 0.6,  0.3, 0.4, 1, 0.75, 0.75,
           0.75, 1, 0.8, 0.2, 0.6)
mydf <- data.frame (position, group, barheight)
mydf
   position group barheight
1       0.0     1      0.50
2       1.0     1      0.40
3       3.0     1      0.40
4       4.0     1      0.40
5       5.0     1      0.60
6       7.0     1      0.30
7       8.0     1      0.40
8       9.0     1      1.00
9       0.0     2      0.75
10      1.0     2      0.75
11      2.0     2      0.75
12      4.5     2      1.00
13      7.0     2      0.80
14      8.0     2      0.20
15      9.0     2      0.60

