    I   II  Total 
A   15  25  40
B   5   45  50
C   15  5   20

group <- c("A", "B", "C", "A", "B", "C")
subgroup <- c("I", "I", "I", "II", "II", "II")
yvar <- c(15, 5, 15, 25, 45, 5)

