Sum<-c(24, 32, 40, 48, 56, 28, 36, 44, 52, 60)

 1   2  3  4  5
1 24  32 40 48 56
2 28  36 44 52 60

 [,1] [,2] [,3] [,4] [,5]
[1,]   24   40   56   36   52
[2,]   32   48   28   44   60

