dates <- c("1-DEC-2011 00:56:06.82", "1-DEC-2011 01:29:57.07", "1-DEC-2011 01:49:05.37",
"1-DEC-2011 01:50:04.97", "1-DEC-2011 01:54:44.53", "1-DEC-2011 01:55:03.10"
)
as.POSIXct(dates, tz="", format="%d-%b-%Y %H:%M:%S")

