Mark <- 1:10
Post <- c(0, 1, 4, 5, 6,
          8, 10,  11, 12,  13)
color <- c(1,0.5,1, 1, 0.6, 0.7, 1,1,1) # 9 intervals between ten points 

