a<-c(1,2,3,4,6,7,10,12,17,20)
df1<-data.frame(a)

b<-c(1,2,3,4,5,6,6,6,7,8,9,10,11,11,11,12,13,14,14:20)
c<-c(1:25)
df1<-data.frame(b,c)

