df <- c(1:10)

df2 <- c(1:5)

