a<-c(1:5) 
b<-c(4,3,2,1,1) 
Percent<-c(40,30,20,10,10)  
df1<-data.frame(a,b,Percent)

