corr <- c(1, 0.1, 0.5,
0.1, 1, 0.9,
0.5, 0.9, 1)
cormat <- matrix(corr, ncol=3)

cormat = [1 0.1 0.5; 
0.1 1 0.9; 
0.5 0.9 1]

