X <- 1:20
Y <- c(0.5, 1.4, 2.3, 3.4, 4.5,
      3.3, 3.0, 2.1, 1.5, 0,
      0, 3.4, 4.5, 6.7, 5.3, 2.8,
      0.5, 3.4, 3.5,  3.7)
mydata <- data.frame (X, Y)

