a <- c(1, 2, 0, 3, 7)

