a<-c(1,2,0,7,5)

a
