pos <- c(1, 3, 5, 8, 10, 12)
start <- c(1,3, 6, 7, 10, 11)
end <- c(5, 6, 9, 9, 13, 12)

