ID <- c("ID1", "ID1", "ID1", "ID2", "ID2", "ID3")  
ModNum <- c(1, 2, 3, 1, 2, 0)  
Amnt <- c(2.00, 3.00, 2.00, 5.00, 1.00, 5.00)  
df <- data.frame(ID, ModNum, Amnt)  

ID   Mod  
ID1 ((1,2.00), (2, 3.00), (3, 2.00))  
ID2 ((1, 5.00), (2, 1.00))  
ID3 ((0, 5.00))  

