X <- 1:20
B <- c(1,4,6,3,1, 4, 5,8,8,6,3,2,1, 1,5,7,8,6,4,2)
C <- B + 4
myd <- data.frame (X, B, C)

region 1 = 1 to 6
 region 2 =  6 to 16
 region 3 =  16 to 20 

