id<-c(1,1,1,1,2,2,2,2,3,3,3,3)
time<-c(0,1,2,3,0,1,2,3,0,1,2,3)
value<-c(1,1,6,1,2,6,2,2,1,1,6,1)

d<-data.frame(id, time, value)

  id time value
1   1    0     1
2   1    1     1
3   1    2     6
5   2    0     2
6   2    1     6
9   3    0     1
10  3    1     1
11  3    2     6

