> mylist  
[[1]]
 [1]  1  2  3  4  5  6  7  8  9 10

[[2]]
 [1] "a" "b" "c" "d" "e" "f" "g" "h" "i" "j" "k" "l" "m" "n" "o" "p" "q" "r" "s" "t" "u" "v" "w" "x" "y" "z"

[[3]]
[1] 25 26 27 28 29 30 31 32

y <- c(3,5,9)    

sapply[mylist,"[[",y]
