structure(list(schoolid = c(84351L, 84351L, 84351L, 84351L, 84351L, 
84351L, 84351L, 84351L, 84351L, 84351L, 84351L, 84351L, 84351L, 
84351L, 84351L, 84384L, 84384L, 84384L, 84384L, 84384L, 84384L, 
84384L, 84384L, 84384L, 84384L, 84384L, 84384L, 84384L, 84384L, 
84384L, 84385L, 84385L, 84385L, 84385L, 84385L, 84385L, 84385L, 
84385L, 84385L, 84385L, 84385L, 84385L, 84385L, 84385L, 84385L, 
84386L, 84386L, 84386L, 84386L, 84386L, 84386L, 84386L, 84386L, 
84386L, 84386L, 84386L, 84386L, 84386L, 84386L, 84386L, 84387L, 
84387L, 84387L, 84387L, 84387L, 84387L, 84387L, 84387L, 84387L, 
84388L, 84388L, 84388L, 84388L, 84388L, 84388L, 84388L, 84388L, 
84388L, 84389L, 84389L, 84389L, 84389L, 84389L, 84389L, 84389L, 
84389L, 84389L, 84395L, 84395L, 84395L, 84395L, 84395L, 84395L, 
84397L, 84397L, 84397L, 84397L, 84397L, 84397L, 84398L, 84398L, 
84398L, 84398L, 84398L, 84398L, 84351L, 84351L, 84351L, 84351L, 
84351L, 84351L, 84351L, 84351L, 84351L, 84351L, 84351L, 84351L, 
84384L, 84384L, 84384L, 84384L, 84384L, 84384L, 84384L, 84384L, 
84384L, 84384L, 84384L, 84385L, 84385L, 84385L, 84385L, 84385L, 
84385L, 84385L, 84385L, 84385L, 84385L, 84385L, 84385L, 84385L, 
84386L, 84386L, 84386L, 84386L, 84386L, 84386L, 84386L, 84386L, 
84386L, 84386L, 84386L, 84386L, 84387L, 84387L, 84387L, 84387L, 
84387L, 84387L, 84387L, 84387L, 84388L, 84388L, 84388L, 84388L, 
84388L, 84388L, 84389L, 84389L, 84389L, 84389L, 84389L, 84389L, 
84389L, 84389L, 84389L, 84397L, 84397L, 84398L, 84398L, 84398L, 
84398L, 84398L, 84351L, 84351L, 84351L, 84351L, 84351L, 84351L, 
84351L, 84351L, 84351L, 84351L, 84351L, 84351L, 84351L, 84351L, 
84384L, 84384L, 84384L, 84384L, 84384L, 84384L, 84384L, 84384L, 
84384L, 84384L, 84384L, 84384L, 84384L, 84385L, 84385L, 84385L, 
84385L, 84385L, 84385L, 84385L, 84385L, 84385L, 84385L, 84385L, 
84385L, 84385L, 84385L, 84385L, 84386L, 84386L, 84386L, 84386L, 
84386L, 84386L, 84386L, 84386L, 84386L, 84386L, 84386L, 84386L, 
84386L, 84386L, 84387L, 84387L, 84387L, 84387L, 84387L, 84387L, 
84387L, 84387L, 84388L, 84388L, 84388L, 84388L, 84388L, 84388L, 
84388L, 84388L, 84388L, 84389L, 84389L, 84389L, 84389L, 84389L, 
84389L, 84389L, 84395L, 84395L, 84395L, 84395L, 84397L, 84397L, 
84397L, 84397L, 84397L, 84397L, 84398L, 84398L, 84398L, 84398L, 
84398L, 84398L), subgroup = c("All", "All", "All", "All", "All", 
"All", "All", "All", "All", "All", "All", "All", "All", "All", 
"All", "All", "All", "All", "All", "All", "All", "All", "All", 
"All", "All", "All", "All", "All", "All", "All", "All", "All", 
"All", "All", "All", "All", "All", "All", "All", "All", "All", 
"All", "All", "All", "All", "All", "All", "All", "All", "All", 
"All", "All", "All", "All", "All", "All", "All", "All", "All", 
"All", "All", "All", "All", "All", "All", "All", "All", "All", 
"All", "All", "All", "All", "All", "All", "All", "All", "All", 
"All", "All", "All", "All", "All", "All", "All", "All", "All", 
"All", "All", "All", "All", "All", "All", "All", "All", "All", 
"All", "All", "All", "All", "All", "All", "All", "All", "All", 
"All", "ELL", "ELL", "ELL", "ELL", "ELL", "ELL", "ELL", "ELL", 
"ELL", "ELL", "ELL", "ELL", "ELL", "ELL", "ELL", "ELL", "ELL", 
"ELL", "ELL", "ELL", "ELL", "ELL", "ELL", "ELL", "ELL", "ELL", 
"ELL", "ELL", "ELL", "ELL", "ELL", "ELL", "ELL", "ELL", "ELL", 
"ELL", "ELL", "ELL", "ELL", "ELL", "ELL", "ELL", "ELL", "ELL", 
"ELL", "ELL", "ELL", "ELL", "ELL", "ELL", "ELL", "ELL", "ELL", 
"ELL", "ELL", "ELL", "ELL", "ELL", "ELL", "ELL", "ELL", "ELL", 
"ELL", "ELL", "ELL", "ELL", "ELL", "ELL", "ELL", "ELL", "ELL", 
"ELL", "ELL", "ELL", "ELL", "ELL", "ELL", "ELL", "SpEd", "SpEd", 
"SpEd", "SpEd", "SpEd", "SpEd", "SpEd", "SpEd", "SpEd", "SpEd", 
"SpEd", "SpEd", "SpEd", "SpEd", "SpEd", "SpEd", "SpEd", "SpEd", 
"SpEd", "SpEd", "SpEd", "SpEd", "SpEd", "SpEd", "SpEd", "SpEd", 
"SpEd", "SpEd", "SpEd", "SpEd", "SpEd", "SpEd", "SpEd", "SpEd", 
"SpEd", "SpEd", "SpEd", "SpEd", "SpEd", "SpEd", "SpEd", "SpEd", 
"SpEd", "SpEd", "SpEd", "SpEd", "SpEd", "SpEd", "SpEd", "SpEd", 
"SpEd", "SpEd", "SpEd", "SpEd", "SpEd", "SpEd", "SpEd", "SpEd", 
"SpEd", "SpEd", "SpEd", "SpEd", "SpEd", "SpEd", "SpEd", "SpEd", 
"SpEd", "SpEd", "SpEd", "SpEd", "SpEd", "SpEd", "SpEd", "SpEd", 
"SpEd", "SpEd", "SpEd", "SpEd", "SpEd", "SpEd", "SpEd", "SpEd", 
"SpEd", "SpEd", "SpEd", "SpEd", "SpEd", "SpEd", "SpEd", "SpEd", 
"SpEd", "SpEd", "SpEd", "SpEd", "SpEd", "SpEd"), grade = c(0L, 
0L, 0L, 1L, 1L, 1L, 2L, 2L, 2L, 3L, 3L, 3L, 4L, 4L, 4L, 0L, 0L, 
0L, 1L, 1L, 1L, 2L, 2L, 2L, 3L, 3L, 3L, 4L, 4L, 4L, 0L, 0L, 0L, 
1L, 1L, 1L, 2L, 2L, 2L, 3L, 3L, 3L, 4L, 4L, 4L, 0L, 0L, 0L, 1L, 
1L, 1L, 2L, 2L, 2L, 3L, 3L, 3L, 4L, 4L, 4L, 0L, 0L, 0L, 1L, 1L, 
1L, 2L, 2L, 2L, 0L, 0L, 0L, 1L, 1L, 1L, 2L, 2L, 2L, 0L, 0L, 0L, 
1L, 1L, 1L, 2L, 2L, 2L, 5L, 5L, 5L, 6L, 6L, 6L, 0L, 0L, 0L, 1L, 
1L, 1L, 0L, 0L, 0L, 1L, 1L, 1L, 0L, 0L, 1L, 1L, 1L, 2L, 2L, 2L, 
3L, 3L, 4L, 4L, 0L, 0L, 0L, 1L, 1L, 2L, 2L, 2L, 3L, 3L, 4L, 0L, 
0L, 0L, 1L, 1L, 1L, 2L, 2L, 2L, 3L, 3L, 4L, 4L, 0L, 0L, 0L, 1L, 
1L, 1L, 2L, 2L, 2L, 3L, 3L, 4L, 0L, 0L, 1L, 1L, 1L, 2L, 2L, 2L, 
0L, 1L, 1L, 1L, 2L, 2L, 0L, 0L, 0L, 1L, 1L, 1L, 2L, 2L, 2L, 0L, 
0L, 0L, 0L, 0L, 1L, 1L, 0L, 0L, 0L, 1L, 1L, 1L, 2L, 2L, 2L, 3L, 
3L, 4L, 4L, 4L, 0L, 0L, 0L, 1L, 1L, 1L, 2L, 2L, 3L, 3L, 3L, 4L, 
4L, 0L, 0L, 0L, 1L, 1L, 1L, 2L, 2L, 2L, 3L, 3L, 3L, 4L, 4L, 4L, 
0L, 0L, 0L, 1L, 1L, 1L, 2L, 2L, 2L, 3L, 3L, 3L, 4L, 4L, 0L, 0L, 
1L, 1L, 1L, 2L, 2L, 2L, 0L, 0L, 0L, 1L, 1L, 1L, 2L, 2L, 2L, 0L, 
1L, 1L, 1L, 2L, 2L, 2L, 5L, 5L, 6L, 6L, 0L, 0L, 0L, 1L, 1L, 1L, 
0L, 0L, 0L, 1L, 1L, 1L), FnPLevel = structure(c(1L, 2L, 3L, 1L, 
2L, 3L, 1L, 2L, 3L, 1L, 2L, 3L, 1L, 2L, 3L, 1L, 2L, 3L, 1L, 2L, 
3L, 1L, 2L, 3L, 1L, 2L, 3L, 1L, 2L, 3L, 1L, 2L, 3L, 1L, 2L, 3L, 
1L, 2L, 3L, 1L, 2L, 3L, 1L, 2L, 3L, 1L, 2L, 3L, 1L, 2L, 3L, 1L, 
2L, 3L, 1L, 2L, 3L, 1L, 2L, 3L, 1L, 2L, 3L, 1L, 2L, 3L, 1L, 2L, 
3L, 1L, 2L, 3L, 1L, 2L, 3L, 1L, 2L, 3L, 1L, 2L, 3L, 1L, 2L, 3L, 
1L, 2L, 3L, 1L, 2L, 3L, 1L, 2L, 3L, 1L, 2L, 3L, 1L, 2L, 3L, 1L, 
2L, 3L, 1L, 2L, 3L, 1L, 3L, 1L, 2L, 3L, 1L, 2L, 3L, 1L, 3L, 1L, 
2L, 1L, 2L, 3L, 1L, 3L, 1L, 2L, 3L, 2L, 3L, 1L, 1L, 2L, 3L, 1L, 
2L, 3L, 1L, 2L, 3L, 1L, 3L, 1L, 3L, 1L, 2L, 3L, 1L, 2L, 3L, 1L, 
2L, 3L, 1L, 3L, 1L, 1L, 3L, 1L, 2L, 3L, 1L, 2L, 3L, 3L, 1L, 2L, 
3L, 1L, 3L, 1L, 2L, 3L, 1L, 2L, 3L, 1L, 2L, 3L, 1L, 3L, 1L, 2L, 
3L, 2L, 3L, 1L, 2L, 3L, 1L, 2L, 3L, 1L, 2L, 3L, 1L, 3L, 1L, 2L, 
3L, 1L, 2L, 3L, 1L, 2L, 3L, 2L, 3L, 1L, 2L, 3L, 1L, 2L, 1L, 2L, 
3L, 1L, 2L, 3L, 1L, 2L, 3L, 1L, 2L, 3L, 1L, 2L, 3L, 1L, 2L, 3L, 
1L, 2L, 3L, 1L, 2L, 3L, 1L, 2L, 3L, 2L, 3L, 1L, 2L, 1L, 2L, 3L, 
1L, 2L, 3L, 1L, 2L, 3L, 1L, 2L, 3L, 1L, 2L, 3L, 3L, 1L, 2L, 3L, 
1L, 2L, 3L, 1L, 2L, 1L, 3L, 1L, 2L, 3L, 1L, 2L, 3L, 1L, 2L, 3L, 
1L, 2L, 3L), .Label = c("AGL", "BGL", "OGL"), class = "factor"),