>> A = [0,1; 0,1; 1,0]

A =

     0     1
     0     1
     1     0

>> y = [2;2;1]

y =

     2
     2
     1

>> A\y

ans =

    1.0000
    2.0000

\
