var salesWeeks = {
    "200911" : ["11 / 2009", "Fiscal 2009"],
    "200910" : ["10 / 2009", "Fiscal 2009"],
    "200909" : ["09 / 2009", "Fiscal 2009"],
    "200908" : ["08 / 2009", "Fiscal 2009"],
    "200907" : ["07 / 2009", "Fiscal 2009"],
    "200906" : ["06 / 2009", "Fiscal 2009"],
    "200905" : ["05 / 2009", "Fiscal 2009"],
    "200904" : ["04 / 2009", "Fiscal 2009"],
    "200903" : ["03 / 2009", "Fiscal 2009"],
    "200902" : ["02 / 2009", "Fiscal 2009"],
    "200901" : ["01 / 2009", "Fiscal 2009"],
    "200852" : ["52 / 2008", "Fiscal 2009"],
    "200851" : ["51 / 2008", "Fiscal 2009"]
};

<select id="ddl_sw" name="ddl_sw">
<option value="">== SELECT WEEK ==</option>
<option value="200911">11 / 2009 (Fiscal 2009)</option>
<option value="200910">10 / 2009 (Fiscal 2009)</option>
<option value="200909">09 / 2009 (Fiscal 2009)</option>
<option value="200908">08 / 2009 (Fiscal 2009)</option>
<option value="200907">07 / 2009 (Fiscal 2009)</option>
<option value="200906">06 / 2009 (Fiscal 2009)</option>
<option value="200905">05 / 2009 (Fiscal 2009)</option>
<option value="200904">04 / 2009 (Fiscal 2009)</option>
<option value="200903">03 / 2009 (Fiscal 2009)</option>
<option value="200902">02 / 2009 (Fiscal 2009)</option>
<option value="200901">01 / 2009 (Fiscal 2009)</option>
<option value="200852">52 / 2008 (Fiscal 2009)</option>
<option value="200851">51 / 2008 (Fiscal 2009)</option>
</select>

var arr = [];
arr.push(
    "<select id=\"ddl_sw\" name=\"ddl_sw\">" +
    "<option value=\"\">== SELECT WEEK ==</option>"
);

for(var key in salesWeeks)
{
    arr.push(
        "<option value=\"" + key + "\">" +
        salesWeeks[key][0] + " (" + salesWeeks[key][1] + ")" +
        "<\/option>"
    );
}

arr.push("<\/select>");

return arr.join("");

<select id="ddl_sw" name="ddl_sw">
<option value="">== SELECT WEEK ==</option>
<option value="200852">52 / 2008 (Fiscal 2009)</option>
<option value="200908">08 / 2009 (Fiscal 2009)</option>
<option value="200906">06 / 2009 (Fiscal 2009)</option>
<option value="200902">02 / 2009 (Fiscal 2009)</option>
<option value="200907">07 / 2009 (Fiscal 2009)</option>
<option value="200904">04 / 2009 (Fiscal 2009)</option>
<option value="200909">09 / 2009 (Fiscal 2009)</option>
<option value="200903">03 / 2009 (Fiscal 2009)</option>
<option value="200905">05 / 2009 (Fiscal 2009)</option>
<option value="200901">01 / 2009 (Fiscal 2009)</option>
<option value="200910">10 / 2009 (Fiscal 2009)</option>
<option value="200911">11 / 2009 (Fiscal 2009)</option>
<option value="200851">51 / 2008 (Fiscal 2009)</option>
</select>

