[ [00,01,02,03,04,05],
  [10,11,12,13,14,15],
  [20,21,22,23,24,25] ]

[ [00,10,20],
  [01,11,21],
  [02,12,22],
  [03,13,23],
  [04,14,24],
  [05,15,25] ]

