width: ((480/1366)*100)+'%';

width: 35.13909224011713 '%';

width: 35.13909224011713%;

