string = "12345.00232232"

 display = 12,345.00

display = 12,345.00232

display = 12345.00232

