e1 = 278872475.434922
energy = 2982053.000000

